63 0.276 -0.959 0.314 -0.986 0.281 -0.984 0.301 -0.991 -5.000 -29.000 0.000 12.45 18.38 94.6 0.035
125 0.362 -0.983 0.292 -0.993 0.267 -0.984 0.291 -0.993 -5.000 -27.000 0.000 8.28 14.33 87.1 0.032
250 0.198 -0.976 0.238 -0.995 0.220 -0.997 0.220 -0.997 -5.000 -37.000 0.000 16.13 22.95 97.6 0.013
500 0.172 -0.960 0.216 -0.992 0.218 -0.996 0.218 -0.997 -5.000 -40.000 0.000 17.27 26.41 98.2 0.009
1000 0.173 -0.951 0.220 -0.999 0.213 -0.999 0.220 -0.999 -5.000 -25.000 0.000 17.69 27.19 98.3 0.007
2000 0.163 -0.902 0.183 -0.997 0.197 -0.998 0.193 -0.998 -5.000 -34.000 0.000 20.13 29.53 99.0 0.006
4000 0.169 -0.860 0.169 -0.995 0.185 -0.997 0.192 -0.998 -5.000 -53.000 0.000 21.76 30.67 99.3 0.006
8000 0.217 -0.824 0.183 -0.998 0.191 -0.999 0.193 -1.000 -5.000 -50.000 0.000 20.97 30.04 99.2 0.005



