50 0.955 -0.921 0.311 -0.996 0.323 -0.998 0.337 -0.999 -5.000 -60.000 0.000 4.05 13.17 71.8 0.103
63 0.597 -0.913 0.373 -0.994 0.371 -0.997 0.347 -0.999 -5.000 -60.000 0.000 13.11 21.11 95.3 0.068
80 0.527 -0.885 0.265 -0.957 0.285 -0.985 0.244 -0.993 -5.000 -60.000 0.000 16.42 19.09 97.8 0.055
100 0.364 -0.948 0.411 -0.990 0.346 -0.974 0.411 -0.990 -5.000 -25.000 0.000 11.07 15.64 92.7 0.047
125 0.670 -0.921 0.213 -0.988 0.208 -0.989 0.179 -0.995 -5.000 -60.000 0.000 3.88 12.53 71.0 0.063
160 0.474 -0.807 0.403 -0.979 0.294 -0.964 0.417 -0.981 -5.000 -23.000 0.000 9.45 12.94 89.8 0.047
200 0.384 -0.986 0.182 -0.979 0.182 -0.992 0.182 -0.992 -5.000 -35.000 0.000 10.92 22.53 92.5 0.036
250 0.150 -0.936 0.226 -0.968 0.224 -0.982 0.196 -0.994 -5.000 -56.000 0.000 19.43 25.49 98.9 0.017
315 0.168 -0.989 0.258 -0.964 0.239 -0.984 0.222 -0.986 -5.000 -42.000 0.000 18.94 22.78 98.7 0.017
400 0.183 -0.964 0.288 -0.922 0.217 -0.974 0.205 -0.988 -5.000 -49.000 0.000 13.41 26.51 95.6 0.016
500 0.173 -0.984 0.175 -0.985 0.173 -0.994 0.186 -0.996 -5.000 -54.000 0.000 18.79 28.27 98.7 0.014
630 0.155 -0.967 0.187 -0.988 0.240 -0.986 0.224 -0.989 -5.000 -48.000 0.000 19.73 26.25 98.9 0.011
800 0.138 -0.955 0.241 -0.993 0.192 -0.988 0.250 -0.996 -5.000 -21.000 0.000 17.47 28.72 98.2 0.010
1000 0.214 -0.965 0.209 -0.992 0.210 -0.996 0.208 -0.996 -5.000 -38.000 0.000 17.97 26.49 98.4 0.011
1250 0.136 -0.958 0.235 -0.995 0.224 -0.997 0.214 -0.998 -5.000 -44.000 0.000 17.38 26.70 98.2 0.008
1600 0.145 -0.936 0.189 -0.991 0.218 -0.992 0.221 -0.995 -5.000 -47.000 0.000 19.02 27.79 98.8 0.009
2000 0.139 -0.947 0.183 -0.990 0.196 -0.996 0.196 -0.996 -5.000 -35.000 0.000 21.12 30.02 99.2 0.008
2500 0.152 -0.871 0.188 -0.997 0.184 -0.999 0.183 -0.999 -5.000 -37.000 0.000 20.19 30.95 99.1 0.006
3150 0.127 -0.835 0.182 -0.998 0.180 -0.999 0.179 -0.999 -5.000 -34.000 0.000 21.42 31.84 99.3 0.005
4000 0.147 -0.866 0.168 -0.987 0.192 -0.993 0.195 -0.997 -5.000 -51.000 0.000 22.29 30.53 99.4 0.006
5000 0.171 -0.864 0.168 -0.993 0.186 -0.996 0.190 -0.998 -5.000 -51.000 0.000 21.42 29.75 99.3 0.007
6300 0.187 -0.837 0.145 -0.995 0.159 -0.997 0.176 -0.998 -5.000 -58.000 0.000 23.37 33.63 99.5 0.006
8000 0.217 -0.749 0.185 -0.998 0.195 -0.998 0.192 -0.999 -5.000 -48.000 0.000 21.62 30.07 99.3 0.005
10000 0.205 -0.819 0.207 -0.998 0.206 -0.999 0.204 -1.000 -5.000 -44.000 0.000 19.19 28.33 98.8 0.005
